signature:
  original_firstorder_Energy: 2.11105548139903e-12
  original_firstorder_Variance: -5.546854817759917e-07
  original_glcm_ClusterProminence: 3.3389031418328656e-07
  original_glcm_ClusterShade: 1.406443808309245e-05
  original_gldm_LargeDependenceHighGrayLevelEmphasis: 9.115240092194696e-07
  original_glrlm_RunLengthNonUniformity: 9.789108799235762e-06
  original_glszm_LargeAreaHighGrayLevelEmphasis: 2.5560632079908085e-09
  original_glszm_ZoneVariance: -4.548408730543582e-06
  original_ngtdm_Complexity: -2.1608725175756674e-05
  original_shape_SurfaceArea: 1.2895941705708599e-05
